                             extended device statistics
device mgr/s mgw/s    r/s    w/s    kr/s    kw/s   size queue   wait svc_t  %b
sda        0     0   32.4    5.0   129.4     30.0    4.0   0.4   13.2  13.2 42.7
sdb        0     0   32.4    30.0   129.4     10.0    4.0   0.3   10.2  10.4 33.7
sdc        0     0    0.0    0.0     0.0     0.0    0.0   0.0    0.0   0.0 0.0
md0        0     0    0.0    0.0     0.0     0.0    0.0   0.0    0.0   0.0 0.0
md1        0     0   64.7    0.0   258.8     0.0    4.0   0.0    0.0   0.0 0.0
dm-0       0     0   64.7    0.0   258.8     0.0    4.0   0.8   11.7  11.8 76.7
dm-1       0     0    0.0    0.0     0.0     0.0    0.0   0.0    0.0   0.0 0.0

